0
1
2
4
5
7
8
9
10
12
13
14
15
16
17
18
19
20
21
22
23
24
26
28
29
31
33
34
35
36
37
38
39
40
41
42
43
45
47
49
50
51
52
53
54
55
56
58
59
60
61
62
63
64
66
68
69
70
72
74
75
76
77
78
79
82
83
84
85
86
87
88
90
91
92
96
97
98
100
101
102
105
106
107
108
109
110
111
113
115
116
118
119
120
121
122
123
124
125
126
128
129
130
131
132
133
134
135
136
137
138
139
140
143
144
145
147
148
149
150
151
152
153
154
155
157
158
160
162
164
165
168
169
170
171
172
173
174
176
177
178
179
180
181
183
184
185
186
187
188
189
190
191
192
193
194
195
197
198
199
200
201
202
204
205
206
207
208
209
210
211
212
213
215
218
219
221
222
226
227
229
230
231
232
235
236
237
239
240
241
242
243
244
245
246
247
248
249
251
253
254
255
256
258
259
260
261
262
263
264
265
266
267
268
272
275
277
278
279
280
282
283
285
286
287
288
289
290
291
292
293
294
295
297
298
299
301
302
303
304
305
306
307
308
309
310
311
312
313
314
315
316
317
318
319
320
321
324
325
326
327
328
329
330
331
333
334
335
336
337
338
339
340
341
342
343
345
346
347
349
350
351
353
354
355
356
357
358
359
360
361
362
364
365
366
368
369
371
372
374
375
376
377
378
380
381
382
383
384
385
386
391
392
393
395
396
397
398
399
400
401
402
403
404
406
407
409
411
412
413
414
415
416
417
418
419
420
421
422
423
424
425
426
427
428
430
431
433
434
435
436
437
439
440
441
442
443
444
446
447
448
449
450
451
452
453
454
455
456
457
458
460
461
462
463
465
466
467
468
471
472
474
475
476
477
478
480
481
482
483
484
485
486
487
488
489
490
491
492
493
494
495
496
497
498
499
500
501
502
503
504
506
507
508
509
510
513
514
515
516
518
520
522
523
524
525
526
527
528
529
530
531
532
533
534
535
536
537
538
539
540
542
543
544
545
547
548
550
552
553
554
555
556
557
559
560
561
562
563
564
567
568
569
571
572
573
575
576
577
578
579
581
582
583
584
585
586
587
588
589
590
592
593
594
595
596
599
600
601
602
605
606
607
608
609
610
611
612
613
614
615
617
619
620
622
624
625
626
627
628
629
630
631
632
634
635
636
637
638
639
640
641
642
644
645
646
647
648
649
651
652
653
656
657
658
659
660
663
664
666
667
668
669
670
671
672
673
675
678
679
680
681
683
684
685
686
687
688
689
691
693
694
695
700
702
703
704
705
706
707
708
710
711
712
714
715
716
719
720
722
725
727
728
730
